6.8650,-2.1150 
6.6650,-2.0150 
6.6450,-1.9150 
6.6250,-1.8350 
6.6250,-1.8350 
6.6650,-1.7650 
6.6050,-1.7850 
6.4850,-1.7950 
6.2650,-1.7550 
6.2050,-1.7450 
5.9850,-1.7650 
5.7650,-1.7850 
5.7050,-1.7950 
5.4850,-1.7550 
5.2650,-1.7150 
5.2050,-1.7050 
4.9850,-1.7250 
4.7650,-1.7450 
4.5450,-1.7650 
4.4850,-1.7750 
4.3450,-1.8350 
4.2050,-1.8950 
4.1250,-1.9750 
4.0550,-2.1050 
4.0350,-2.3250 
4.0250,-2.4750 
4.0650,-2.6150 
4.0450,-2.8350 
4.0350,-2.9850 
4.0250,-3.1050 
4.0050,-3.3250 
3.9950,-3.4750 
4.0350,-3.6150 
4.0150,-3.8350 
3.9950,-4.0550 
3.9850,-4.1150 
4.0250,-4.3350 
4.0650,-4.5550 
4.0750,-4.6150 
4.0550,-4.8350 
4.0450,-4.9850 
4.0350,-5.1050 
4.0150,-5.3250 
4.0050,-5.4450 
3.9550,-5.5550 
3.9450,-5.6150 
3.9850,-5.8350 
4.0250,-6.0550 
4.0350,-6.1150 
4.0150,-6.3350 
3.9950,-6.5550 
3.9850,-6.6150 
4.0250,-6.8350 
4.0650,-7.0550 
4.0750,-7.1150 
4.0550,-7.3350 
4.0450,-7.4850 
4.0350,-7.6050 
4.0150,-7.8250 
4.0050,-7.9450 
3.9550,-8.0550 
3.9450,-8.1150 
3.9850,-8.3350 
4.0250,-8.5550 
4.0350,-8.6150 
4.0150,-8.8350 
3.9950,-9.0550 
3.9850,-9.1150 
4.0250,-9.3350 
4.0650,-9.5550 
4.0750,-9.6150 
4.0550,-9.8350 
4.0450,-9.9850 
4.0350,-10.1050 
4.0150,-10.3250 
4.0050,-10.4450 
3.9550,-10.5550 
3.9450,-10.6150 
3.9850,-10.8350 
4.0250,-11.0550 
4.0350,-11.1150 
4.0150,-11.3350 
3.9950,-11.5550 
3.9850,-11.6150 
4.0250,-11.8350 
4.0650,-12.0550 
4.0750,-12.1150 
4.0550,-12.3350 
4.0450,-12.4850 
4.0350,-12.6050 
4.0150,-12.8250 
4.0050,-12.9450 
3.9550,-13.0550 
3.9450,-13.1150 
3.9850,-13.3350 
4.0250,-13.5550 
4.0350,-13.6150 
4.0150,-13.8350 
3.9950,-14.0550 
3.9850,-14.1150 
4.0250,-14.3350 
4.0650,-14.5550 
4.0750,-14.6150 
4.0550,-14.8350 
4.0450,-14.9850 
4.0350,-15.1050 
4.0150,-15.3250 
4.0050,-15.4450 
3.9550,-15.5550 
3.9450,-15.6150 
3.9850,-15.8350 
4.0250,-16.0550 
4.0350,-16.1150 
4.0150,-16.3350 
3.9950,-16.5550 
3.9850,-16.6150 
4.0250,-16.8350 
4.0650,-17.0550 
4.0750,-17.1150 
4.0550,-17.3350 
4.0450,-17.4850 
4.0350,-17.6050 
4.0150,-17.8250 
4.0050,-17.9450 
3.9550,-18.0550 
3.9450,-18.1150 
3.9850,-18.3350 
4.0250,-18.5550 
4.0350,-18.6150 
4.0150,-18.8350 
3.9950,-19.0550 
3.9850,-19.1150 
4.0250,-19.3350 
4.0650,-19.5550 
4.0750,-19.6150 
4.0550,-19.8350 
4.0450,-19.9850 
4.0350,-20.1050 
4.0150,-20.3250 
4.0050,-20.4450 
3.9550,-20.5550 
3.9450,-20.6150 
3.9850,-20.8350 
4.0250,-21.0550 
4.0350,-21.1150 
4.0150,-21.3350 
3.9950,-21.5550 
3.9850,-21.6150 
4.0250,-21.8350 
4.0650,-22.0550 
4.0750,-22.1150 
4.0550,-22.3350 
4.0450,-22.4850 
4.0350,-22.6050 
4.0150,-22.8250 
4.0050,-22.9450 
3.9550,-23.0550 
3.9450,-23.1150 
3.9850,-23.3350 
4.0250,-23.5550 
4.0350,-23.6150 
4.0150,-23.8350 
3.9950,-24.0550 
3.9850,-24.1150 
4.0250,-24.3350 
4.0650,-24.5550 
4.0750,-24.6150 
4.0550,-24.8350 
4.0450,-24.9850 
4.0350,-25.1050 
4.0150,-25.3250 
4.0050,-25.4450 
3.9550,-25.5550 
3.9450,-25.6150 
3.9850,-25.8350 
4.0250,-26.0550 
4.0350,-26.1150 
4.0150,-26.3350 
3.9950,-26.5550 
3.9850,-26.6150 
4.0250,-26.8350 
4.0650,-27.0550 
4.0750,-27.1150 
4.0550,-27.3350 
4.0450,-27.4850 
4.0350,-27.6050 
4.0150,-27.8250 
4.0050,-27.9450 
3.9550,-28.0550 
3.9450,-28.1150 
3.9850,-28.3350 
4.0250,-28.5550 
4.0350,-28.6150 
4.0150,-28.8350 
3.9950,-29.0550 
3.9850,-29.1150 
4.0250,-29.3350 
4.0650,-29.5550 
4.0750,-29.6150 
4.0550,-29.8350 
4.0350,-30.0550 
4.0250,-30.1150 
4.0650,-30.3350 
4.1050,-30.5550 
4.1150,-30.6150 
4.0950,-30.8350 
4.0850,-30.9850 
4.0750,-31.1050 
4.0150,-31.2450 
3.8550,-31.4050 
3.7750,-31.4850 
3.7050,-31.6150 
3.6850,-31.8350 
3.6750,-31.8950 
3.7150,-32.1150 
3.7550,-32.3350 
3.7650,-32.3950 
3.7450,-32.6150 
3.7250,-32.8350 
3.7150,-32.8950 
3.7550,-33.1150 
3.7950,-33.3350 
3.8050,-33.3950 
3.7850,-33.6150 
3.7650,-33.8350 
3.7550,-33.9150 
3.7450,-34.0650 
3.6450,-34.2550 
3.5750,-34.3850 
3.4850,-34.4650 
3.3450,-34.5250 
3.2050,-34.5850 
3.0450,-34.7450 
2.9850,-34.8050 
2.8250,-34.9650 
2.7850,-35.0050 
2.7250,-35.1150 
2.6850,-35.3350 
2.6450,-35.5550 
2.6350,-35.6150 
2.6550,-35.8350 
2.6750,-36.0550 
2.6850,-36.1150 
2.6450,-36.3350 
2.6050,-36.5550 
2.5950,-36.6150 
2.6150,-36.8350 
2.6350,-37.0550 
2.6450,-37.1150 
2.6050,-37.3350 
2.5650,-37.5550 
2.5550,-37.6150 
2.5750,-37.8350 
2.5950,-38.0550 
2.6050,-38.1150 
2.5650,-38.3350 
2.5250,-38.5550 
2.5150,-38.6150 
2.5350,-38.8350 
2.5550,-39.0550 
2.5650,-39.1150 
2.5250,-39.3350 
2.4850,-39.5550 
2.4750,-39.6150 
2.4950,-39.8350 
2.5050,-39.9850 
2.5150,-40.1050 
2.5350,-40.3250 
2.5450,-40.4750 
2.5550,-40.5950 
2.5150,-40.8150 
2.4850,-40.9650 
2.5150,-41.1150 
2.5550,-41.3350 
2.5650,-41.3950 
2.5450,-41.6150 
2.5250,-41.8350 
2.5150,-41.8950 
2.5550,-42.1150 
2.5950,-42.3350 
2.6050,-42.3950 
2.5850,-42.6150 
2.5650,-42.8350 
2.5550,-42.8950 
2.5950,-43.1150 
2.6350,-43.3350 
2.6450,-43.3950 
2.6250,-43.6150 
2.6050,-43.8350 
2.5950,-43.8950 
2.6350,-44.1150 
2.6750,-44.3350 
2.6850,-44.3950 
2.6650,-44.6150 
2.6450,-44.8350 
2.6350,-44.8950 
2.6750,-45.1150 
2.7150,-45.3350 
2.7250,-45.3950 
2.7050,-45.6150 
2.6850,-45.8350 
2.6750,-45.8950 
2.7150,-46.1150 
2.7550,-46.3350 
2.7650,-46.3950 
2.7450,-46.6150 
2.7250,-46.8350 
2.7150,-46.8950 
2.7550,-47.1150 
2.7950,-47.3350 
2.8050,-47.3950 
2.7850,-47.6150 
2.7650,-47.8350 
2.7550,-47.8950 
2.7950,-48.1150 
2.8350,-48.3350 
2.8650,-48.4850 
2.8850,-48.5650 
2.9250,-48.7850 
2.9550,-48.9350 
3.0750,-49.1150 
3.1950,-49.2950 
3.2250,-49.3450 
3.2550,-49.4550 
3.2550,-49.6050 
3.2550,-49.8250 
3.2550,-49.9750 
3.2550,-50.0950 
3.2550,-50.3150 
3.2550,-50.5350 
3.2550,-50.6150 
3.2550,-50.8350 
3.2550,-50.9850 
3.2550,-51.1050 
3.2550,-51.3250 
3.2550,-51.4750 
3.2550,-51.5950 
3.2550,-51.8150 
3.2550,-52.0350 
3.2550,-52.1150 
3.2550,-52.3350 
3.2550,-52.4850 
3.2550,-52.6050 
3.2550,-52.8250 
3.2550,-52.9750 
3.2550,-53.0950 
3.2550,-53.3150 
3.2550,-53.5350 
3.2550,-53.6150 
3.2550,-53.8350 
3.2550,-53.9850 
3.2550,-54.1050 
3.2550,-54.3250 
3.2550,-54.4750 
3.2550,-54.5950 
3.2550,-54.8150 
3.2550,-55.0350 
3.2550,-55.1150 
3.2550,-55.3350 
3.2550,-55.4850 
3.2550,-55.6050 
3.2550,-55.8250 
3.2550,-55.9750 
3.2550,-56.0950 
3.2550,-56.3150 
3.2550,-56.5350 
3.2550,-56.6150 
3.2550,-56.8350 
3.2550,-56.9850 
3.2550,-57.1050 
3.2550,-57.3250 
3.2550,-57.4750 
3.2550,-57.5950 
3.2550,-57.8150 
3.2550,-58.0350 
3.2550,-58.1150 
3.2550,-58.3350 
3.2550,-58.4850 
3.2550,-58.6050 
3.2550,-58.8250 
3.2550,-58.9750 
3.2550,-59.0950 
3.2550,-59.3150 
3.2550,-59.5350 
3.2550,-59.6150 
3.2550,-59.8350 
3.2550,-59.9850 
3.2550,-60.1050 
3.2550,-60.3250 
3.2550,-60.4750 
3.2550,-60.5950 
3.2550,-60.8150 
3.2550,-61.0350 
3.2550,-61.1150 
3.2550,-61.3350 
3.2550,-61.4850 
3.2550,-61.6050 
3.2550,-61.8250 
3.2550,-61.9750 
3.2550,-62.0950 
3.2550,-62.3150 
3.2550,-62.5350 
3.2550,-62.6150 
3.2550,-62.8350 
3.2550,-62.9850 
3.2550,-63.1050 
3.2550,-63.3250 
3.2550,-63.4750 
3.2550,-63.5950 
3.2550,-63.8150 
3.2550,-64.0350 
3.2550,-64.1150 
3.2550,-64.3350 
3.2550,-64.4150 
3.2550,-64.5650 
3.1750,-64.7650 
3.1150,-64.9050 
3.0350,-64.9850 
2.8450,-65.0850 
2.7950,-65.1150 
2.6350,-65.2750 
2.5550,-65.3550 
2.3650,-65.4550 
2.2350,-65.5250 
2.1550,-65.6150 
2.0750,-65.8150 
2.0150,-65.9550 
1.8550,-66.1150 
1.6950,-66.2750 
1.6150,-66.3550 
1.4850,-66.4250 
1.2650,-66.4450 
1.1850,-66.4550 
1.0350,-66.4650 
0.8450,-66.5650 
0.7950,-66.5950 
0.6350,-66.7550 
0.5550,-66.8350 
0.3650,-66.9350 
0.2350,-67.0050 
0.1550,-67.0950 
0.0750,-67.2950 
0.0150,-67.4350 
-0.1450,-67.5950 
-0.3050,-67.7550 
-0.3850,-67.8350 
-0.5150,-67.9050 
-0.7350,-67.9250 
-0.8150,-67.9350 
-0.9650,-67.9450 
-1.1550,-68.0450 
-1.2850,-68.1150 
-1.4250,-68.2850 
-1.5050,-68.3750 
-1.6850,-68.4950 
-1.7350,-68.5250 
-1.8150,-68.6150 
-1.8950,-68.8150 
-1.9550,-68.9550 
-2.1150,-69.1150 
-2.2750,-69.2750 
-2.3850,-69.3850 
-2.4350,-69.4950 
-2.4450,-69.6150 
-2.4650,-69.8350 
-2.4750,-69.8950 
-2.4350,-70.1150 
-2.3950,-70.3350 
-2.3850,-70.3950 
-2.4050,-70.6150 
-2.4250,-70.8350 
-2.4450,-71.0550 
-2.4650,-71.2750 
-2.4850,-71.4950 
-2.4950,-71.6150 
-2.4550,-71.8350 
-2.4450,-71.8950 
-2.4650,-72.1150 
-2.4850,-72.3350 
-2.4950,-72.3950 
-2.4550,-72.6150 
-2.4150,-72.8350 
-2.4050,-72.8950 
-2.4250,-73.1150 
-2.4450,-73.3350 
-2.4650,-73.5550 
-2.4850,-73.7750 
-2.5050,-73.9950 
-2.5150,-74.1150 
-2.4750,-74.3350 
-2.4650,-74.3950 
-2.4850,-74.6150 
-2.5050,-74.8350 
-2.5150,-74.8950 
-2.4750,-75.1150 
-2.4350,-75.3350 
-2.4250,-75.3950 
-2.4450,-75.6150 
-2.4650,-75.8350 
-2.4750,-75.8950 
-2.4350,-76.1150 
-2.3950,-76.3350 
-2.3850,-76.3950 
-2.4050,-76.6150 
-2.4250,-76.8350 
-2.4450,-77.0550 
-2.4650,-77.2750 
-2.4850,-77.4950 
-2.4950,-77.6150 
-2.4550,-77.8350 
-2.4450,-77.8950 
-2.4650,-78.1150 
-2.4850,-78.3350 
-2.4950,-78.3950 
-2.4550,-78.6150 
-2.4150,-78.8350 
-2.4050,-78.8950 
-2.4250,-79.1150 
-2.4450,-79.3350 
-2.4650,-79.5550 
-2.4850,-79.7750 
-2.5050,-79.9950 
-2.5150,-80.1150 
-2.4750,-80.3350 
-2.4650,-80.3950 
-2.4850,-80.6150 
-2.5050,-80.8350 
-2.5150,-80.8950 
-2.4750,-81.1150 
-2.4350,-81.3350 
-2.4250,-81.3950 
-2.4450,-81.6150 
-2.4650,-81.8350 
-2.4750,-81.8950 
-2.4350,-82.1150 
-2.3950,-82.3350 
-2.3850,-82.3950 
-2.4050,-82.6150 
-2.4250,-82.8350 
-2.4450,-83.0550 
-2.4650,-83.2750 
-2.4850,-83.4950 
-2.4950,-83.6150 
-2.4550,-83.8350 
-2.4450,-83.8950 
-2.4650,-84.1150 
-2.4850,-84.3350 
-2.4950,-84.3950 
-2.4550,-84.6150 
-2.4150,-84.8350 
-2.4050,-84.8950 
-2.4250,-85.1150 
-2.4450,-85.3350 
-2.4650,-85.5550 
-2.4850,-85.7750 
-2.5050,-85.9950 
-2.5150,-86.1150 
-2.4750,-86.3350 
-2.4650,-86.3950 
-2.4850,-86.6150 
-2.5050,-86.8350 
-2.5150,-86.8950 
-2.4750,-87.1150 
-2.4350,-87.3350 
-2.4250,-87.3950 
-2.4450,-87.6150 
-2.4650,-87.8350 
-2.4750,-87.8950 
-2.4350,-88.1150 
-2.3950,-88.3350 
-2.3850,-88.3950 
-2.4050,-88.6150 
-2.4250,-88.8350 
-2.4450,-89.0550 
-2.4650,-89.2750 
-2.4850,-89.4950 
-2.4950,-89.6150 
-2.4550,-89.8350 
-2.4450,-89.8950 
-2.4650,-90.1150 
-2.4850,-90.3350 
-2.4950,-90.3950 
-2.4550,-90.6150 
-2.4150,-90.8350 
-2.4050,-90.8950 
-2.4250,-91.1150 
-2.4450,-91.3350 
-2.4650,-91.5550 
-2.4850,-91.7750 
-2.5050,-91.9950 
-2.5150,-92.1150 
-2.4750,-92.3350 
-2.4650,-92.3950 
-2.4850,-92.6150 
-2.5050,-92.8350 
-2.5150,-92.8950 
-2.4750,-93.1150 
-2.4350,-93.3350 
-2.4250,-93.3950 
-2.4450,-93.6150 
-2.4650,-93.8350 
-2.4750,-93.8950 
-2.4350,-94.1150 
-2.3950,-94.3350 
-2.3850,-94.3950 
-2.4050,-94.6150 
-2.4250,-94.8350 
-2.4450,-95.0550 
-2.4650,-95.2750 
-2.4850,-95.4950 
-2.4950,-95.6150 
-2.4550,-95.8350 
-2.4450,-95.8950 
-2.4650,-96.1150 
-2.4850,-96.3350 
-2.4950,-96.3950 
-2.4550,-96.6150 
-2.4150,-96.8350 
-2.4050,-96.8950 
-2.4250,-97.1150 
-2.4450,-97.3350 
-2.4650,-97.5550 
-2.4850,-97.7750 
-2.5050,-97.9950 
-2.5150,-98.1150 
-2.4750,-98.3350 
-2.4650,-98.3950 
-2.4850,-98.6150 
-2.5050,-98.8350 
-2.5150,-98.8950 
-2.4750,-99.1150 
-2.4350,-99.3350 
-2.4250,-99.3950 
-2.4450,-99.6150 
-2.4650,-99.8350 
-2.4750,-99.8950 
-2.4350,-100.1150 
-2.3950,-100.3350 
-2.3850,-100.3950 
-2.4050,-100.6150 
-2.4250,-100.8350 
-2.4450,-101.0550 
-2.4650,-101.2750 
-2.4850,-101.4950 
-2.4950,-101.6150 
-2.4550,-101.8350 
-2.4450,-101.8950 
-2.4650,-102.1150 
-2.4850,-102.3350 
-2.4950,-102.3950 
-2.4550,-102.6150 
-2.4150,-102.8350 
-2.4050,-102.8950 
-2.4250,-103.1150 
-2.4450,-103.3350 
-2.4550,-103.3950 
-2.4150,-103.6150 
-2.3750,-103.8350 
-2.3650,-103.8950 
-2.3850,-104.1150 
-2.4050,-104.3350 
-2.4150,-104.3950 
-2.3750,-104.6150 
-2.3350,-104.8350 
-2.3250,-104.8950 
-2.3450,-105.1150 
-2.3650,-105.3350 
-2.3850,-105.5550 
-2.3950,-105.6150 
-2.4550,-105.7550 
-2.5150,-105.8950 
-2.6250,-106.0050 
-2.6750,-106.1150 
-2.6950,-106.3350 
-2.7150,-106.5550 
-2.7250,-106.6150 
-2.6850,-106.8350 
-2.6450,-107.0550 
-2.6350,-107.1150 
-2.6550,-107.3350 
-2.6750,-107.5550 
-2.6850,-107.6150 
-2.6450,-107.8350 
-2.6050,-108.0550 
-2.5950,-108.1150 
-2.6150,-108.3350 
-2.6350,-108.5550 
-2.6450,-108.6150 
-2.6050,-108.8350 
-2.5650,-109.0550 
-2.5550,-109.1150 
-2.5750,-109.3350 
-2.5950,-109.5550 
-2.6050,-109.6150 
-2.5650,-109.8350 
-2.5450,-109.9550 
-2.5550,-110.1050 
-2.6550,-110.2950 
-2.6850,-110.3450 
-2.7650,-110.4250 
-2.8950,-110.4950 
-3.0150,-110.5050 
-3.2350,-110.4650 
-3.2950,-110.4550 
-3.5150,-110.4750 
-3.7350,-110.4950 
-3.7950,-110.5050 
-4.0150,-110.4650 
-4.2350,-110.4250 
-4.2950,-110.4150 
-4.5150,-110.4350 
-4.7350,-110.4550 
-4.8150,-110.4650 
-4.9650,-110.4750 
-5.1550,-110.5750 
-5.2050,-110.6050 
-5.3650,-110.7650 
-5.4450,-110.8450 
-5.6350,-110.9450 
-5.7650,-111.0150 
-5.8450,-111.1050 
-5.9250,-111.3050 
-5.9850,-111.4450 
-6.1450,-111.6050 
-6.3050,-111.7650 
-6.4150,-111.8750 
-6.4950,-111.9550 
-6.6550,-112.1150 
-6.8150,-112.2750 
-6.9250,-112.3850 
-6.9750,-112.4950 
-6.9850,-112.6150 
-7.0050,-112.8350 
-7.0150,-112.8950 
-6.9750,-113.1150 
-6.9350,-113.3350 
-6.9250,-113.3950 
-6.9450,-113.6150 
-6.9650,-113.8350 
-6.9750,-113.8950 
-6.9350,-114.1150 
-6.8950,-114.3350 
-6.8850,-114.3950 
-6.9050,-114.6150 
-6.9250,-114.8350 
-6.9450,-115.0550 
-6.9650,-115.2750 
-6.9850,-115.4950 
-6.9950,-115.6150 
-6.9550,-115.8350 
-6.9450,-115.8950 
-6.9650,-116.1150 
-6.9850,-116.3350 
-6.9950,-116.3950 
-6.9550,-116.6150 
-6.9150,-116.8350 
-6.9050,-116.8950 
-6.9250,-117.1150 
-6.9450,-117.3350 
-6.9650,-117.5550 
-6.9850,-117.7750 
-7.0050,-117.9950 
-7.0150,-118.1150 
-6.9750,-118.3350 
-6.9650,-118.3950 
-6.9850,-118.6150 
-7.0050,-118.8350 
-7.0150,-118.8950 
-6.9750,-119.1150 
-6.9350,-119.3350 
-6.9250,-119.3950 
-6.9450,-119.6150 
-6.9650,-119.8350 
-6.9750,-119.9550 
-6.9850,-120.0750 
-7.0050,-120.2950 
-7.0150,-120.4450 
-7.0850,-120.5750 
-7.0950,-120.6550 
-7.2316,-120.6477