-6.9773,-122.0932 
-7.0550,-121.8750 
-7.0450,-121.6450 
-7.1350,-121.4350 
-7.1550,-121.3550 
-7.2450,-121.1450 
-7.2350,-120.9150 
-7.3250,-120.7050 
-7.3450,-120.6250 
-7.4350,-120.4150 
-7.3950,-120.2850 
-7.4750,-120.1450 
-7.3850,-119.9350 
-7.3950,-119.7050 
-7.3750,-119.6250 
-7.3850,-119.3950 
-7.3050,-119.2550 
-7.3450,-119.1250 
-7.2550,-118.9150 
-7.2350,-118.8350 
-7.1450,-118.6250 
-7.1550,-118.3950 
-7.0750,-118.2550 
-7.1150,-118.1250 
-7.0250,-117.9150 
-7.0650,-117.7850 
-6.9850,-117.6450 
-7.0750,-117.4350 
-7.0650,-117.2050 
-7.0850,-117.1250 
-7.0750,-116.8950 
-7.1550,-116.7550 
-7.0850,-116.6450 
-7.0250,-116.4250 
-6.8750,-116.2550 
-6.8650,-116.1250 
-6.7750,-115.9150 
-6.7550,-115.8350 
-6.6650,-115.6250 
-6.6750,-115.3950 
-6.5950,-115.2550 
-6.6250,-115.1250 
-6.5950,-114.9050 
-6.6350,-114.8450 
-6.5450,-114.6350 
-6.5550,-114.4050 
-6.4750,-114.2650 
-6.4750,-114.2650 
-6.3950,-114.1250 
-6.4050,-113.8950 
-6.3250,-113.7850 
-6.3450,-113.6250 
-6.2550,-113.4150 
-6.2350,-113.3350 
-6.1450,-113.1250 
-6.1550,-112.8950 
-6.0750,-112.7550 
-6.1050,-112.6250 
-6.0750,-112.4050 
-6.1350,-112.2650 
-6.0950,-112.1450 
-6.1050,-111.9150 
-6.0150,-111.7050 
-6.0250,-111.4750 
-6.0050,-111.3950 
-6.0150,-111.1650 
-6.0150,-111.1650 
-6.0250,-110.9350 
-5.9450,-110.8250 
-5.9850,-110.6950 
-5.9850,-110.6950 
-6.0250,-110.5650 
-5.9350,-110.3550 
-5.9450,-110.1250 
-5.8550,-109.9150 
-5.8350,-109.8350 
-5.7450,-109.6250 
-5.7550,-109.3950 
-5.6750,-109.2550 
-5.7150,-109.1250 
-5.6250,-108.9150 
-5.6050,-108.8350 
-5.5150,-108.6250 
-5.5250,-108.3950 
-5.4450,-108.2550 
-5.4450,-108.2550 
-5.4050,-108.1250 
-5.4950,-107.9150 
-5.5150,-107.8350 
-5.6050,-107.6250 
-5.5950,-107.3950 
-5.6750,-107.2550 
-5.6750,-107.2550 
-5.7150,-107.1250 
-5.6250,-106.9150 
-5.6050,-106.8350 
-5.5150,-106.6250 
-5.5250,-106.3950 
-5.4450,-106.2550 
-5.4850,-106.1250 
-5.4850,-106.1250 
-5.5250,-105.9950 
-5.5050,-105.9150 
-5.5150,-105.6850 
-5.5150,-105.6850 
-5.5250,-105.4550 
-5.5050,-105.3750 
-5.5150,-105.1450 
-5.5150,-105.1450 
-5.5250,-104.9150 
-5.4350,-104.7050 
-5.4150,-104.6250 
-5.3250,-104.4150 
-5.3050,-104.3350 
-5.2150,-104.1250 
-5.2250,-103.8950 
-5.1450,-103.7550 
-5.1750,-103.6250 
-5.1450,-103.4050 
-5.1850,-103.3450 
-5.0950,-103.1350 
-5.1050,-102.9050 
-5.0150,-102.6950 
-5.0250,-102.4650 
-5.0050,-102.3850 
-5.0250,-102.2250 
-5.0050,-102.1450 
-5.0250,-101.9850 
-5.0050,-101.9050 
-5.0150,-101.6750 
-5.0150,-101.6750 
-5.0250,-101.4450 
-5.0050,-101.3650 
-5.0250,-101.2050 
-5.0050,-101.1250 
-5.0250,-100.9650 
-5.0050,-100.8850 
-5.0150,-100.6550 
-5.0150,-100.6550 
-5.0250,-100.4250 
-5.0250,-100.4250 
-5.0050,-100.3450 
-4.9250,-100.2050 
-4.9450,-100.1250 
-4.9350,-99.8950 
-5.0150,-99.7550 
-4.9850,-99.6250 
-5.0250,-99.4750 
-4.9150,-99.3650 
-4.9050,-99.2350 
-4.8250,-99.1250 
-4.8350,-98.8950 
-4.7550,-98.7550 
-4.7950,-98.6250 
-4.7050,-98.4150 
-4.6850,-98.3350 
-4.5950,-98.1250 
-4.6050,-97.8950 
-4.5150,-97.6850 
-4.5250,-97.4550 
-4.5050,-97.3750 
-4.5250,-97.2150 
-4.5050,-97.1350 
-4.5250,-96.9750 
-4.5050,-96.8950 
-4.5150,-96.6650 
-4.5150,-96.6650 
-4.5250,-96.4350 
-4.5050,-96.3550 
-4.5150,-96.1250 
-4.5150,-96.1250 
-4.5250,-95.8950 
-4.4450,-95.7550 
-4.4850,-95.6250 
-4.4850,-95.6250 
-4.5250,-95.4950 
-4.5050,-95.4150 
-4.5150,-95.1850 
-4.5150,-95.1850 
-4.5250,-94.9550 
-4.5050,-94.8750 
-4.5250,-94.7150 
-4.5050,-94.6350 
-4.5250,-94.4750 
-4.5050,-94.3950 
-4.5150,-94.1650 
-4.5150,-94.1650 
-4.5250,-93.9350 
-4.4550,-93.8250 
-4.4250,-93.6650 
-4.3750,-93.6250 
-4.3850,-93.3950 
-4.3050,-93.2550 
-4.3450,-93.1250 
-4.2550,-92.9150 
-4.2350,-92.8350 
-4.1450,-92.6250 
-4.1550,-92.3950 
-4.0750,-92.2550 
-4.1150,-92.1250 
-4.0250,-91.9150 
-4.0550,-91.7850 
-4.0150,-91.6650 
-4.0250,-91.4350 
-4.0050,-91.3550 
-4.0150,-91.1250 
-4.0150,-91.1250 
-4.0250,-90.8950 
-3.9450,-90.7550 
-3.9850,-90.6250 
-3.9850,-90.6250 
-4.0250,-90.4950 
-4.0050,-90.4150 
-4.0150,-90.1850 
-4.0150,-90.1850 
-4.0250,-89.9550 
-4.0050,-89.8750 
-4.0250,-89.7150 
-4.0050,-89.6350 
-4.0250,-89.4750 
-3.9350,-89.2650 
-3.9650,-89.1350 
-3.9650,-89.1350 
-4.0250,-88.9950 
-3.9350,-88.8650 
-3.9950,-88.7550 
-3.9950,-88.6250 
-4.0550,-88.4850 
-3.9750,-88.3850 
-3.9450,-88.2550 
-3.8550,-88.1250 
-3.8350,-87.8950 
-3.7450,-87.7650 
-3.7650,-87.6350 
-3.6550,-87.4350 
-3.6350,-87.2050 
-3.6150,-87.1250 
-3.5950,-86.8950 
-3.5450,-86.8450 
-3.5950,-86.6250 
-3.5450,-86.4050 
-3.5950,-86.2550 
-3.5450,-86.1350 
-3.5250,-85.9050 
-3.4350,-85.7750 
-3.4950,-85.6350 
-3.5150,-85.6750 
-3.5250,-85.4450 
-3.5050,-85.3650 
-3.5250,-85.2050 
-3.5050,-85.1250 
-3.5250,-84.9650 
-3.4450,-84.8550 
-3.4550,-84.6250 
-3.4550,-84.6250 
-3.4650,-84.3950 
-3.3850,-84.2550 
-3.4250,-84.1250 
-3.3350,-83.9150 
-3.3150,-83.8350 
-3.2250,-83.6250 
-3.2350,-83.3950 
-3.1550,-83.2550 
-3.1850,-83.1250 
-3.1550,-82.9050 
-3.1950,-82.8450 
-3.1050,-82.6350 
-3.1150,-82.4050 
-3.0350,-82.2650 
-3.0650,-82.1350 
-3.0350,-81.9150 
-3.1050,-81.7050 
-3.1150,-81.6250 
-3.1850,-81.4150 
-3.1450,-81.2950 
-3.1650,-81.1350 
-3.0750,-80.9250 
-3.0950,-80.7650 
-3.0150,-80.6550 
-3.0250,-80.4250 
-2.9450,-80.2850 
-3.0250,-80.1450 
-3.0250,-80.1450 
-3.0350,-79.9150 
-2.9450,-79.7050 
-2.9250,-79.6250 
-2.8350,-79.4150 
-2.8150,-79.3350 
-2.7250,-79.1250 
-2.7350,-78.8950 
-2.6550,-78.7550 
-2.6850,-78.6250 
-2.6550,-78.4050 
-2.6950,-78.3450 
-2.6050,-78.1350 
-2.6150,-77.9050 
-2.5350,-77.7650 
-2.5650,-77.6350 
-2.5350,-77.4150 
-2.6050,-77.2050 
-2.6150,-77.1250 
-2.6850,-76.9150 
-2.6450,-76.7950 
-2.6650,-76.6350 
-2.5750,-76.4250 
-2.5950,-76.2650 
-2.5150,-76.1550 
-2.5250,-75.9250 
-2.4450,-75.8150 
-2.4250,-75.7350 
-2.3450,-75.6250 
-2.3550,-75.3950 
-2.2750,-75.2550 
-2.3150,-75.1250 
-2.2250,-74.9150 
-2.2350,-74.6850 
-2.1450,-74.4750 
-2.1550,-74.2450 
-2.0850,-74.1350 
-2.0250,-73.9150 
-2.0250,-73.9150 
-2.0150,-73.7850 
-1.9350,-73.6450 
-2.0250,-73.4350 
-2.0150,-73.2050 
-2.0350,-73.1250 
-2.0250,-72.8950 
-2.1050,-72.7550 
-2.0250,-72.6450 
-2.0350,-72.4150 
-1.9450,-72.2050 
-1.9250,-72.1250 
-1.8350,-71.9150 
-1.8150,-71.8350 
-1.7250,-71.6250 
-1.7350,-71.3950 
-1.6550,-71.2550 
-1.6850,-71.1250 
-1.6550,-70.9050 
-1.6950,-70.8450 
-1.6050,-70.6350 
-1.6150,-70.4050 
-1.5350,-70.2650 
-1.5650,-70.1350 
-1.5350,-69.9150 
-1.6050,-69.7050 
-1.6150,-69.6250 
-1.6850,-69.4150 
-1.6450,-69.2950 
-1.6650,-69.1350 
-1.5750,-68.9250 
-1.5950,-68.7650 
-1.5150,-68.6550 
-1.5250,-68.4250 
-1.4450,-68.3150 
-1.4250,-68.2350 
-1.3450,-68.1250 
-1.3550,-67.8950 
-1.2750,-67.7550 
-1.3150,-67.6250 
-1.2250,-67.4150 
-1.2350,-67.1850 
-1.1450,-66.9750 
-1.1550,-66.7450 
-1.0850,-66.6350 
-1.0250,-66.4150 
-1.0250,-66.4150 
-1.0150,-66.2850 
-0.9350,-66.1450 
-1.0250,-65.9350 
-1.0150,-65.7050 
-1.0350,-65.6250 
-1.0250,-65.3950 
-1.1050,-65.2550 
-1.0250,-65.1450 
-1.0350,-64.9150 
-0.9450,-64.7050 
-0.9250,-64.6250 
-0.8350,-64.4150 
-0.8150,-64.3350 
-0.7250,-64.1250 
-0.7350,-63.8950 
-0.6550,-63.7550 
-0.6850,-63.6250 
-0.6550,-63.4050 
-0.6950,-63.3450 
-0.6050,-63.1350 
-0.6150,-62.9050 
-0.5350,-62.7650 
-0.5650,-62.6350 
-0.5350,-62.4150 
-0.6050,-62.2050 
-0.6150,-62.1250 
-0.6850,-61.9150 
-0.6450,-61.7950 
-0.6650,-61.6350 
-0.5750,-61.4250 
-0.5950,-61.2650 
-0.5150,-61.1550 
-0.5250,-60.9250 
-0.4450,-60.8150 
-0.4250,-60.7350 
-0.3450,-60.6250 
-0.3550,-60.3950 
-0.2750,-60.2550 
-0.3150,-60.1250 
-0.2250,-59.9150 
-0.2350,-59.6850 
-0.1450,-59.4750 
-0.1550,-59.2450 
-0.0850,-59.1350 
-0.0250,-58.9150 
-0.0250,-58.9150 
-0.0150,-58.7850 
0.0650,-58.6450 
-0.0250,-58.4350 
-0.0150,-58.2050 
-0.0350,-58.1250 
-0.0250,-57.8950 
-0.1050,-57.7550 
-0.0250,-57.6450 
-0.0350,-57.4150 
0.0550,-57.2050 
0.0750,-57.1250 
0.1650,-56.9150 
0.1850,-56.8350 
0.2750,-56.6250 
0.2650,-56.3950 
0.3450,-56.2550 
0.3150,-56.1250 
0.3450,-55.9050 
0.3050,-55.8450 
0.3950,-55.6350 
0.3850,-55.4050 
0.4650,-55.2650 
0.4350,-55.1350 
0.4650,-54.9150 
0.3950,-54.7050 
0.3850,-54.6250 
0.3150,-54.4150 
0.3550,-54.2950 
0.3350,-54.1350 
0.4250,-53.9250 
0.4050,-53.7650 
0.4850,-53.6550 
0.4750,-53.4250 
0.5550,-53.3150 
0.5750,-53.2350 
0.6550,-53.1250 
0.6450,-52.8950 
0.7250,-52.7550 
0.6850,-52.6250 
0.7750,-52.4150 
0.7650,-52.1850 
0.8550,-51.9750 
0.8450,-51.7450 
0.9150,-51.6350 
0.9750,-51.4150 
0.9750,-51.4150 
0.9850,-51.2850 
1.0650,-51.1450 
0.9750,-50.9350 
0.9850,-50.7050 
0.9650,-50.6250 
0.9750,-50.3950 
0.8950,-50.2550 
0.9750,-50.1450 
0.9650,-49.9150 
1.0550,-49.7050 
1.0750,-49.6250 
1.1650,-49.4150 
1.1850,-49.3350 
1.2750,-49.1250 
1.2650,-48.8950 
1.3450,-48.7550 
1.3150,-48.6250 
1.3450,-48.4050 
1.3050,-48.3450 
1.3950,-48.1350 
1.3850,-47.9050 
1.4650,-47.7650 
1.4350,-47.6350 
1.4650,-47.4150 
1.3950,-47.2050 
1.3850,-47.1250 
1.3150,-46.9150 
1.3550,-46.7950 
1.3350,-46.6350 
1.4250,-46.4250 
1.4050,-46.2650 
1.4850,-46.1550 
1.4750,-45.9250 
1.5550,-45.8150 
1.5750,-45.7350 
1.6550,-45.6250 
1.6450,-45.3950 
1.7250,-45.2550 
1.6850,-45.1250 
1.7750,-44.9150 
1.7650,-44.6850 
1.8550,-44.4750 
1.8450,-44.2450 
1.9150,-44.1350 
1.9750,-43.9150 
1.9750,-43.9150 
1.9850,-43.7850 
2.0650,-43.6450 
1.9750,-43.4350 
1.9850,-43.2050 
1.9650,-43.1250 
1.9750,-42.8950 
1.8950,-42.7550 
1.9750,-42.6450 
1.9650,-42.4150 
2.0550,-42.2050 
2.0750,-42.1250 
2.1650,-41.9150 
2.1850,-41.8350 
2.2750,-41.6250 
2.2650,-41.3950 
2.3450,-41.2550 
2.3150,-41.1250 
2.3450,-40.9050 
2.3050,-40.8450 
2.3950,-40.6350 
2.3850,-40.4050 
2.4650,-40.2650 
2.4350,-40.1350 
2.4650,-39.9150 
2.3950,-39.7050 
2.3850,-39.6250 
2.3150,-39.4150 
2.3550,-39.2950 
2.3350,-39.1350 
2.4250,-38.9250 
2.4050,-38.7650 
2.4850,-38.6550 
2.4750,-38.4250 
2.5550,-38.3150 
2.5750,-38.2350 
2.6550,-38.1250 
2.6450,-37.8950 
2.7250,-37.7550 
2.6850,-37.6250 
2.7750,-37.4150 
2.7650,-37.1850 
2.8550,-36.9750 
2.8450,-36.7450 
2.9150,-36.6350 
2.9750,-36.4150 
2.9750,-36.4150 
2.9850,-36.2850 
3.0650,-36.1450 
2.9750,-35.9350 
2.9850,-35.7050 
2.9650,-35.6250 
2.9750,-35.3950 
2.8950,-35.2550 
2.9750,-35.1450 
2.9650,-34.9150 
3.0550,-34.7050 
3.0750,-34.6250 
3.1650,-34.4150 
3.1850,-34.3350 
3.2750,-34.1250 
3.2650,-33.8950 
3.3450,-33.7550 
3.3150,-33.6250 
3.3450,-33.4050 
3.3050,-33.3450 
3.3950,-33.1350 
3.3850,-32.9050 
3.4250,-32.8550 
3.3550,-32.6450 
3.3850,-32.4250 
3.3750,-32.3450 
3.4050,-32.1250 
3.3350,-31.9150 
3.3750,-31.7950 
3.3550,-31.6350 
3.4450,-31.4250 
3.4250,-31.2650 
3.5050,-31.1250 
3.4150,-30.9150 
3.4450,-30.7850 
3.4050,-30.6350 
3.4750,-30.4250 
3.4450,-30.2050 
3.4850,-30.1450 
3.3950,-29.9350 
3.4050,-29.7050 
3.3850,-29.6250 
3.3950,-29.3950 
3.3150,-29.2550 
3.3850,-29.1450 
3.4450,-28.9250 
3.5950,-28.7550 
3.6050,-28.6250 
3.6950,-28.4150 
3.7150,-28.3350 
3.8050,-28.1250 
3.7950,-27.8950 
3.8750,-27.7550 
3.8350,-27.6250 
3.9250,-27.4150 
3.9050,-27.2550 
3.9850,-27.1450 
3.9750,-26.9150 
4.0650,-26.7050 
4.0850,-26.6250 
4.1750,-26.4150 
4.1950,-26.3350 
4.2850,-26.1250 
4.2750,-25.8950 
4.3550,-25.7550 
4.3250,-25.6250 
4.3550,-25.4050 
4.3150,-25.3450 
4.4050,-25.1350 
4.3950,-24.9050 
4.4750,-24.7650 
4.4450,-24.6350 
4.4750,-24.4150 
4.4050,-24.2050 
4.3950,-24.1250 
4.3250,-23.9150 
4.3650,-23.7950 
4.3450,-23.6350 
4.4350,-23.4250 
4.4150,-23.2650 
4.4950,-23.1250 
4.4050,-22.9150 
4.4350,-22.7850 
4.3950,-22.6350 
4.4650,-22.4250 
4.4350,-22.2050 
4.4750,-22.1450 
4.3850,-21.9350 
4.3950,-21.7050 
4.3750,-21.6250 
4.3850,-21.3950 
4.3050,-21.2550 
4.3750,-21.1450 
4.4350,-20.9250 
4.5850,-20.7550 
4.5950,-20.6250 
4.6850,-20.4150 
4.7050,-20.3350 
4.7950,-20.1250 
4.7850,-19.8950 
4.8650,-19.7550 
4.8350,-19.6250 
4.8650,-19.4050 
4.8250,-19.3450 
4.9150,-19.1350 
4.9050,-18.9050 
4.9450,-18.8550 
4.8750,-18.6450 
4.9050,-18.4250 
4.8950,-18.3450 
4.9250,-18.1250 
4.8550,-17.9150 
4.8950,-17.7950 
4.8750,-17.6350 
4.9650,-17.4250 
4.9450,-17.2650 
5.0250,-17.1250 
4.9350,-16.9150 
4.9150,-16.8350 
4.8250,-16.6250 
4.8350,-16.3950 
4.7550,-16.2550 
4.7850,-16.1250 
4.7550,-15.9050 
4.8150,-15.7950 
4.8150,-15.6650 
4.8850,-15.4550 
4.8550,-15.2350 
4.9150,-15.1250 
4.9550,-14.9050 
4.9550,-14.9050 
4.9550,-14.7750 
5.0150,-14.6350 
4.9050,-14.4350 
4.8850,-14.2050 
4.8650,-14.1250 
4.8450,-13.8950 
4.7950,-13.8450 
4.8450,-13.6250 
4.7950,-13.4050 
4.8450,-13.2850 
4.8450,-13.1250 
4.9550,-12.9250 
4.9750,-12.6950 
5.0250,-12.6450 
4.9750,-12.4250 
5.0250,-12.3050 
5.0450,-12.2250 
5.1350,-12.1250 
5.1550,-11.8950 
5.2450,-11.7650 
5.2250,-11.6350 
5.3350,-11.4350 
5.3550,-11.2050 
5.3750,-11.1250 
5.3950,-10.8950 
5.4450,-10.8450 
5.3950,-10.6250 
5.4450,-10.4050 
5.3950,-10.2550 
5.4450,-10.1350 
5.4650,-9.9050 
5.5750,-9.7050 
5.5950,-9.6250 
5.5950,-9.6250 
5.6150,-9.3950 
5.7050,-9.2650 
5.6850,-9.1350 
5.7950,-8.9350 
5.8150,-8.7050 
5.8350,-8.6250 
5.8550,-8.3950 
5.8750,-8.3150 
5.8750,-8.1550 
5.8750,-8.1550 
5.9750,-7.9550 
6.0950,-7.9050 
6.1950,-7.7050 
6.3250,-7.6250 
6.3450,-7.3950 
6.4250,-7.2950 
6.4350,-7.2250 
6.6350,-7.1250 
6.7750,-6.9450 
6.8350,-6.8950 
6.8950,-6.7850 
7.0550,-6.6250 
7.1350,-6.4150 
7.2550,-6.3150 
7.2950,-6.1650 
7.4550,-6.0050 
7.4650,-5.9350 
7.6650,-5.8350 
7.7250,-5.7250 
7.8450,-5.6250 
7.8350,-5.3950 
7.9150,-5.2550 
7.8750,-5.1250 
7.9650,-4.9150 
7.9250,-4.7850 
8.0050,-4.6450 
7.9150,-4.4350 
7.9350,-4.2750 
7.8950,-4.2250 
7.9350,-4.1650 
7.8450,-3.9550 
7.8550,-3.7250 
7.8350,-3.6450 
7.8450,-3.4150 
7.7550,-3.2050 
7.7850,-3.0750 
7.7550,-2.8550 
7.8921,-2.8655 
