-4.340218    -109.318941 
-4.485000    -109.125000 
-4.485000    -109.125000 
-4.525000    -108.905000 
-4.565000    -108.685000 
-4.585000    -108.565000 
-4.605000    -108.445000 
-4.585000    -108.225000 
-4.565000    -108.005000 
-4.555000    -107.855000 
-4.545000    -107.735000 
-4.525000    -107.515000 
-4.505000    -107.295000 
-4.495000    -107.145000 
-4.485000    -107.025000 
-4.465000    -106.805000 
-4.445000    -106.585000 
-4.435000    -106.465000 
-4.425000    -106.345000 
-4.405000    -106.125000 
-4.385000    -105.905000 
-4.375000    -105.755000 
-4.365000    -105.635000 
-4.345000    -105.415000 
-4.325000    -105.195000 
-4.315000    -105.045000 
-4.305000    -104.925000 
-4.285000    -104.705000 
-4.275000    -104.555000 
-4.335000    -104.345000 
-4.365000    -104.235000 
-4.365000    -104.015000 
-4.365000    -103.795000 
-4.365000    -103.645000 
-4.365000    -103.525000 
-4.365000    -103.305000 
-4.365000    -103.185000 
-4.305000    -102.975000 
-4.265000    -102.835000 
-4.285000    -102.615000 
-4.305000    -102.395000 
-4.315000    -102.245000 
-4.325000    -102.125000 
-4.345000    -101.905000 
-4.365000    -101.685000 
-4.375000    -101.535000 
-4.345000    -101.425000 
-4.225000    -101.245000 
-4.105000    -101.065000 
-4.025000    -100.945000 
-3.925000    -100.875000 
-3.715000    -100.815000 
-3.575000    -100.775000 
-3.515000    -100.725000 
-3.345000    -100.585000 
-3.225000    -100.485000 
-3.015000    -100.425000 
-2.905000    -100.395000 
-2.765000    -100.355000 
-2.675000    -100.275000 
-2.595000    -100.155000 
-2.575000    -100.035000 
-2.595000    -99.815000 
-2.615000    -99.595000 
-2.625000    -99.445000 
-2.635000    -99.325000 
-2.655000    -99.105000 
-2.675000    -98.885000 
-2.685000    -98.765000 
-2.665000    -98.645000 
-2.625000    -98.425000 
-2.585000    -98.205000 
-2.555000    -98.055000 
-2.535000    -97.935000 
-2.555000    -97.715000 
-2.575000    -97.495000 
-2.585000    -97.345000 
-2.595000    -97.225000 
-2.615000    -97.005000 
-2.635000    -96.785000 
-2.645000    -96.665000 
-2.655000    -96.545000 
-2.675000    -96.325000 
-2.695000    -96.105000 
-2.705000    -95.985000 
-2.675000    -95.835000 
-2.635000    -95.615000 
-2.595000    -95.395000 
-2.565000    -95.245000 
-2.545000    -95.125000 
-2.565000    -94.905000 
-2.585000    -94.685000 
-2.595000    -94.565000 
-2.575000    -94.445000 
-2.595000    -94.225000 
-2.615000    -94.005000 
-2.625000    -93.885000 
-2.595000    -93.735000 
-2.555000    -93.515000 
-2.535000    -93.395000 
-2.555000    -93.175000 
-2.565000    -93.025000 
-2.585000    -92.805000 
-2.605000    -92.585000 
-2.615000    -92.465000 
-2.625000    -92.345000 
-2.645000    -92.125000 
-2.665000    -91.905000 
-2.675000    -91.785000 
-2.645000    -91.635000 
-2.605000    -91.415000 
-2.565000    -91.195000 
-2.535000    -91.045000 
-2.515000    -90.925000 
-2.535000    -90.705000 
-2.555000    -90.485000 
-2.565000    -90.365000 
-2.545000    -90.245000 
-2.565000    -90.025000 
-2.585000    -89.805000 
-2.595000    -89.655000 
-2.605000    -89.535000 
-2.625000    -89.315000 
-2.645000    -89.095000 
-2.655000    -88.975000 
-2.625000    -88.825000 
-2.585000    -88.605000 
-2.545000    -88.385000 
-2.525000    -88.265000 
-2.505000    -88.145000 
-2.525000    -87.925000 
-2.545000    -87.705000 
-2.555000    -87.555000 
-2.565000    -87.435000 
-2.585000    -87.215000 
-2.605000    -86.995000 
-2.615000    -86.845000 
-2.625000    -86.725000 
-2.645000    -86.505000 
-2.655000    -86.355000 
-2.595000    -86.145000 
-2.565000    -86.035000 
-2.565000    -85.815000 
-2.565000    -85.595000 
-2.565000    -85.445000 
-2.565000    -85.325000 
-2.565000    -85.105000 
-2.565000    -84.985000 
-2.625000    -84.775000 
-2.665000    -84.635000 
-2.645000    -84.415000 
-2.625000    -84.195000 
-2.615000    -84.045000 
-2.605000    -83.925000 
-2.645000    -83.705000 
-2.655000    -83.645000 
-2.635000    -83.425000 
-2.625000    -83.275000 
-2.525000    -83.085000 
-2.425000    -82.895000 
-2.365000    -82.785000 
-2.305000    -82.675000 
-2.235000    -82.545000 
-2.215000    -82.325000 
-2.195000    -82.105000 
-2.185000    -81.955000 
-2.175000    -81.835000 
-2.155000    -81.615000 
-2.135000    -81.395000 
-2.125000    -81.245000 
-2.115000    -81.125000 
-2.095000    -80.905000 
-2.085000    -80.755000 
-2.145000    -80.545000 
-2.175000    -80.435000 
-2.175000    -80.215000 
-2.175000    -79.995000 
-2.175000    -79.845000 
-2.175000    -79.725000 
-2.175000    -79.505000 
-2.175000    -79.385000 
-2.115000    -79.175000 
-2.075000    -79.035000 
-2.095000    -78.815000 
-2.115000    -78.595000 
-2.125000    -78.445000 
-2.135000    -78.325000 
-2.155000    -78.105000 
-2.165000    -77.955000 
-2.175000    -77.805000 
-2.135000    -77.665000 
-2.075000    -77.455000 
-1.944922    -77.499585 