-1.0,-7.533333333333333,-1.0,-7.6
-1.0,-7.6,-0.6,-7.6
-0.6,-7.6,-0.6,-7.666666666666667
-0.6,-7.666666666666667,-0.4666666666666667,-7.666666666666667
-0.4666666666666667,-7.666666666666667,-0.4666666666666667,-7.933333333333334
-0.4666666666666667,-7.933333333333334,-0.4,-7.933333333333334
-0.4,-7.933333333333334,-0.4,-8.0
-0.4,-8.0,-0.3333333333333333,-8.0
-0.3333333333333333,-8.0,-0.3333333333333333,-8.133333333333333
-0.3333333333333333,-8.133333333333333,-0.4666666666666667,-8.133333333333333
-0.4666666666666667,-8.133333333333333,-0.4666666666666667,-8.2
-0.4666666666666667,-8.2,0.0,-8.2
0.0,-8.2,0.0,-8.266666666666667
0.0,-8.266666666666667,0.0,-8.2
0.0,-8.2,0.06666666666666667,-8.2
0.06666666666666667,-8.2,0.06666666666666667,-7.666666666666667
0.06666666666666667,-7.666666666666667,0.26666666666666666,-7.666666666666667
0.26666666666666666,-7.666666666666667,0.26666666666666666,-7.466666666666667
0.26666666666666666,-7.466666666666667,0.3333333333333333,-7.466666666666667
0.3333333333333333,-7.466666666666667,0.3333333333333333,-7.2
0.3333333333333333,-7.2,0.13333333333333333,-7.2
0.13333333333333333,-7.2,0.13333333333333333,-6.933333333333334
0.13333333333333333,-6.933333333333334,0.2,-6.933333333333334
0.2,-6.933333333333334,0.2,-6.4
0.2,-6.4,0.26666666666666666,-6.4
0.26666666666666666,-6.4,0.26666666666666666,-6.333333333333333
0.26666666666666666,-6.333333333333333,0.2,-6.333333333333333
0.2,-6.333333333333333,0.2,-6.133333333333334
0.2,-6.133333333333334,0.26666666666666666,-6.133333333333334
0.26666666666666666,-6.133333333333334,0.26666666666666666,-5.866666666666666
0.26666666666666666,-5.866666666666666,0.3333333333333333,-5.866666666666666
0.3333333333333333,-5.866666666666666,0.3333333333333333,-5.8
0.3333333333333333,-5.8,0.26666666666666666,-5.8
0.26666666666666666,-5.8,0.26666666666666666,-5.6
0.26666666666666666,-5.6,0.3333333333333333,-5.6
0.3333333333333333,-5.6,0.3333333333333333,-5.533333333333333
0.3333333333333333,-5.533333333333333,0.26666666666666666,-5.533333333333333
0.26666666666666666,-5.533333333333333,0.26666666666666666,-5.4
0.26666666666666666,-5.4,0.3333333333333333,-5.4
0.3333333333333333,-5.4,0.3333333333333333,-4.666666666666667
0.3333333333333333,-4.666666666666667,0.4,-4.666666666666667
0.4,-4.666666666666667,0.4,-4.333333333333333
0.4,-4.333333333333333,0.6,-4.333333333333333
0.6,-4.333333333333333,0.6,-3.8
0.6,-3.8,0.6666666666666666,-3.8
0.6666666666666666,-3.8,0.6666666666666666,-3.0
0.6666666666666666,-3.0,0.5333333333333333,-3.0
0.5333333333333333,-3.0,0.5333333333333333,-2.3333333333333335
0.5333333333333333,-2.3333333333333335,0.6,-2.3333333333333335
0.6,-2.3333333333333335,0.6,-2.066666666666667
0.6,-2.066666666666667,0.6666666666666666,-2.066666666666667
0.6666666666666666,-2.066666666666667,0.6666666666666666,-2.0
0.6666666666666666,-2.0,0.6,-2.0
0.6,-2.0,0.6,-1.5333333333333334
0.6,-1.5333333333333334,0.6666666666666666,-1.5333333333333334
0.6666666666666666,-1.5333333333333334,0.6666666666666666,-1.0
0.6666666666666666,-1.0,0.7333333333333333,-1.0
0.7333333333333333,-1.0,0.7333333333333333,-0.4666666666666667
0.7333333333333333,-0.4666666666666667,0.8,-0.4666666666666667
0.8,-0.4666666666666667,0.8,-0.4
0.8,-0.4,0.7333333333333333,-0.4
0.7333333333333333,-0.4,0.7333333333333333,-0.13333333333333333
0.7333333333333333,-0.13333333333333333,0.9333333333333333,-0.13333333333333333
0.9333333333333333,-0.13333333333333333,0.9333333333333333,0.13333333333333333
0.9333333333333333,0.13333333333333333,1.0,0.13333333333333333
1.0,0.13333333333333333,1.0,0.3333333333333333
1.0,0.3333333333333333,0.8,0.3333333333333333
0.8,0.3333333333333333,0.8,0.7333333333333333
0.8,0.7333333333333333,0.8666666666666667,0.7333333333333333
0.8666666666666667,0.7333333333333333,0.8666666666666667,0.8666666666666667
0.8666666666666667,0.8666666666666667,0.6666666666666666,0.8666666666666667
0.6666666666666666,0.8666666666666667,0.6666666666666666,0.9333333333333333
0.6666666666666666,0.9333333333333333,0.6,0.9333333333333333
0.6,0.9333333333333333,0.6,1.0
0.6,1.0,0.6,0.9333333333333333
0.6,0.9333333333333333,0.4,0.9333333333333333
0.4,0.9333333333333333,0.4,0.8666666666666667
0.4,0.8666666666666667,0.26666666666666666,0.8666666666666667
0.26666666666666666,0.8666666666666667,0.26666666666666666,0.3333333333333333
0.26666666666666666,0.3333333333333333,0.2,0.3333333333333333
0.2,0.3333333333333333,0.2,-0.06666666666666667
0.2,-0.06666666666666667,0.26666666666666666,-0.06666666666666667
0.26666666666666666,-0.06666666666666667,0.26666666666666666,-0.13333333333333333
0.26666666666666666,-0.13333333333333333,0.5333333333333333,-0.13333333333333333
0.5333333333333333,-0.13333333333333333,0.5333333333333333,-0.3333333333333333
0.5333333333333333,-0.3333333333333333,0.4,-0.3333333333333333
0.4,-0.3333333333333333,0.4,-0.26666666666666666
0.4,-0.26666666666666666,0.4666666666666667,-0.26666666666666666
0.4666666666666667,-0.26666666666666666,0.4666666666666667,-0.3333333333333333
0.4666666666666667,-0.3333333333333333,0.5333333333333333,-0.3333333333333333
0.5333333333333333,-0.3333333333333333,0.5333333333333333,-0.5333333333333333
0.5333333333333333,-0.5333333333333333,0.4666666666666667,-0.5333333333333333
0.4666666666666667,-0.5333333333333333,0.4666666666666667,-0.6
0.4666666666666667,-0.6,0.4,-0.6
0.4,-0.6,0.4,-0.7333333333333333
0.4,-0.7333333333333333,0.4666666666666667,-0.7333333333333333
0.4666666666666667,-0.7333333333333333,0.4666666666666667,-1.1333333333333333
0.4666666666666667,-1.1333333333333333,0.4,-1.1333333333333333
0.4,-1.1333333333333333,0.4,-1.2
0.4,-1.2,0.4666666666666667,-1.2
0.4666666666666667,-1.2,0.4666666666666667,-1.5333333333333334
0.4666666666666667,-1.5333333333333334,0.4,-1.5333333333333334
0.4,-1.5333333333333334,0.4,-1.9333333333333333
0.4,-1.9333333333333333,0.26666666666666666,-1.9333333333333333
0.26666666666666666,-1.9333333333333333,0.26666666666666666,-2.066666666666667
0.26666666666666666,-2.066666666666667,0.3333333333333333,-2.066666666666667
0.3333333333333333,-2.066666666666667,0.3333333333333333,-2.2666666666666666
0.3333333333333333,-2.2666666666666666,0.26666666666666666,-2.2666666666666666
0.26666666666666666,-2.2666666666666666,0.26666666666666666,-2.4
0.26666666666666666,-2.4,0.3333333333333333,-2.4
0.3333333333333333,-2.4,0.3333333333333333,-2.533333333333333
0.3333333333333333,-2.533333333333333,0.26666666666666666,-2.533333333333333
0.26666666666666666,-2.533333333333333,0.26666666666666666,-2.6666666666666665
0.26666666666666666,-2.6666666666666665,0.3333333333333333,-2.6666666666666665
0.3333333333333333,-2.6666666666666665,0.3333333333333333,-2.8
0.3333333333333333,-2.8,0.26666666666666666,-2.8
0.26666666666666666,-2.8,0.26666666666666666,-2.8666666666666667
0.26666666666666666,-2.8666666666666667,0.3333333333333333,-2.8666666666666667
0.3333333333333333,-2.8666666666666667,0.3333333333333333,-3.0
0.3333333333333333,-3.0,0.26666666666666666,-3.0
0.26666666666666666,-3.0,0.26666666666666666,-3.2
0.26666666666666666,-3.2,0.2,-3.2
0.2,-3.2,0.2,-3.8
0.2,-3.8,0.13333333333333333,-3.8
0.13333333333333333,-3.8,0.13333333333333333,-3.933333333333333
0.13333333333333333,-3.933333333333333,0.2,-3.933333333333333
0.2,-3.933333333333333,0.2,-4.133333333333334
0.2,-4.133333333333334,0.13333333333333333,-4.133333333333334
0.13333333333333333,-4.133333333333334,0.13333333333333333,-4.6
0.13333333333333333,-4.6,0.06666666666666667,-4.6
0.06666666666666667,-4.6,0.06666666666666667,-4.8
0.06666666666666667,-4.8,0.13333333333333333,-4.8
0.13333333333333333,-4.8,0.13333333333333333,-5.0
0.13333333333333333,-5.0,-0.06666666666666667,-5.0
-0.06666666666666667,-5.0,0.13333333333333333,-5.0
0.13333333333333333,-5.0,0.13333333333333333,-5.4
0.13333333333333333,-5.4,0.06666666666666667,-5.4
0.06666666666666667,-5.4,0.06666666666666667,-5.466666666666667
0.06666666666666667,-5.466666666666667,0.0,-5.466666666666667
0.0,-5.466666666666667,0.0,-6.4
0.0,-6.4,-0.06666666666666667,-6.4
-0.06666666666666667,-6.4,-0.06666666666666667,-6.533333333333333
-0.06666666666666667,-6.533333333333333,-0.13333333333333333,-6.533333333333333
-0.13333333333333333,-6.533333333333333,-0.13333333333333333,-6.666666666666667
-0.13333333333333333,-6.666666666666667,-0.06666666666666667,-6.666666666666667
-0.06666666666666667,-6.666666666666667,-0.06666666666666667,-7.133333333333334
-0.06666666666666667,-7.133333333333334,-0.3333333333333333,-7.133333333333334
-0.3333333333333333,-7.133333333333334,-0.3333333333333333,-7.0
-0.3333333333333333,-7.0,-0.4,-7.0
-0.4,-7.0,-0.3333333333333333,-7.0
-0.3333333333333333,-7.0,-0.3333333333333333,-7.133333333333334
-0.3333333333333333,-7.133333333333334,-0.4,-7.133333333333334
-0.4,-7.133333333333334,-0.4,-7.266666666666667
-0.4,-7.266666666666667,-0.4666666666666667,-7.266666666666667
-0.4666666666666667,-7.266666666666667,-0.4666666666666667,-7.533333333333333
-0.4666666666666667,-7.533333333333333,-0.9333333333333333,-7.533333333333333
-0.9333333333333333,-7.533333333333333,-0.9333333333333333,-7.466666666666667
-0.9333333333333333,-7.466666666666667,-0.9333333333333333,-7.533333333333333
-0.9333333333333333,-7.533333333333333,-1.0,-7.533333333333333
