-0.13333333333333333,-7.333333333333333,-0.13333333333333333,-7.666666666666667
-0.13333333333333333,-7.666666666666667,-0.06666666666666667,-7.666666666666667
-0.06666666666666667,-7.666666666666667,-0.06666666666666667,-7.733333333333333
-0.06666666666666667,-7.733333333333333,0.0,-7.733333333333333
0.0,-7.733333333333333,0.0,-7.666666666666667
0.0,-7.666666666666667,0.0,-7.733333333333333
0.0,-7.733333333333333,0.06666666666666667,-7.733333333333333
0.06666666666666667,-7.733333333333333,0.06666666666666667,-7.666666666666667
0.06666666666666667,-7.666666666666667,-0.13333333333333333,-7.666666666666667
-0.13333333333333333,-7.666666666666667,-0.13333333333333333,-7.266666666666667
-0.13333333333333333,-7.266666666666667,-0.06666666666666667,-7.266666666666667
-0.06666666666666667,-7.266666666666667,-0.06666666666666667,-6.866666666666666
-0.06666666666666667,-6.866666666666666,0.0,-6.866666666666666
0.0,-6.866666666666666,0.0,-6.066666666666666
0.0,-6.066666666666666,0.06666666666666667,-6.066666666666666
0.06666666666666667,-6.066666666666666,0.06666666666666667,-5.4
0.06666666666666667,-5.4,0.13333333333333333,-5.4
0.13333333333333333,-5.4,0.13333333333333333,-4.733333333333333
0.13333333333333333,-4.733333333333333,0.2,-4.733333333333333
0.2,-4.733333333333333,0.2,-4.2
0.2,-4.2,0.26666666666666666,-4.2
0.26666666666666666,-4.2,0.26666666666666666,-3.7333333333333334
0.26666666666666666,-3.7333333333333334,0.3333333333333333,-3.7333333333333334
0.3333333333333333,-3.7333333333333334,0.3333333333333333,-3.2
0.3333333333333333,-3.2,0.4,-3.2
0.4,-3.2,0.4,-2.7333333333333334
0.4,-2.7333333333333334,0.4666666666666667,-2.7333333333333334
0.4666666666666667,-2.7333333333333334,0.4666666666666667,-2.2
0.4666666666666667,-2.2,0.5333333333333333,-2.2
0.5333333333333333,-2.2,0.5333333333333333,-1.7333333333333334
0.5333333333333333,-1.7333333333333334,0.6666666666666666,-1.7333333333333334
0.6666666666666666,-1.7333333333333334,0.6666666666666666,-1.6
0.6666666666666666,-1.6,0.6,-1.6
0.6,-1.6,0.6,-1.0666666666666667
0.6,-1.0666666666666667,0.6666666666666666,-1.0666666666666667
0.6666666666666666,-1.0666666666666667,0.6666666666666666,-0.3333333333333333
0.6666666666666666,-0.3333333333333333,0.7333333333333333,-0.3333333333333333
0.7333333333333333,-0.3333333333333333,0.7333333333333333,-0.13333333333333333
0.7333333333333333,-0.13333333333333333,0.8,-0.13333333333333333
0.8,-0.13333333333333333,0.8,-0.06666666666666667
0.8,-0.06666666666666667,0.8666666666666667,-0.06666666666666667
0.8666666666666667,-0.06666666666666667,0.8666666666666667,0.13333333333333333
0.8666666666666667,0.13333333333333333,0.9333333333333333,0.13333333333333333
0.9333333333333333,0.13333333333333333,0.8666666666666667,0.13333333333333333
0.8666666666666667,0.13333333333333333,0.8666666666666667,-0.06666666666666667
0.8666666666666667,-0.06666666666666667,0.8,-0.06666666666666667
0.8,-0.06666666666666667,0.8,-0.13333333333333333
0.8,-0.13333333333333333,0.7333333333333333,-0.13333333333333333
0.7333333333333333,-0.13333333333333333,0.7333333333333333,-0.3333333333333333
0.7333333333333333,-0.3333333333333333,0.6666666666666666,-0.3333333333333333
0.6666666666666666,-0.3333333333333333,0.6666666666666666,-1.0666666666666667
0.6666666666666666,-1.0666666666666667,0.6,-1.0666666666666667
0.6,-1.0666666666666667,0.6,-1.6
0.6,-1.6,0.5333333333333333,-1.6
0.5333333333333333,-1.6,0.5333333333333333,-2.2
0.5333333333333333,-2.2,0.4666666666666667,-2.2
0.4666666666666667,-2.2,0.4666666666666667,-2.7333333333333334
0.4666666666666667,-2.7333333333333334,0.4,-2.7333333333333334
0.4,-2.7333333333333334,0.4,-3.2
0.4,-3.2,0.3333333333333333,-3.2
0.3333333333333333,-3.2,0.3333333333333333,-3.7333333333333334
0.3333333333333333,-3.7333333333333334,0.26666666666666666,-3.7333333333333334
0.26666666666666666,-3.7333333333333334,0.26666666666666666,-4.2
0.26666666666666666,-4.2,0.2,-4.2
0.2,-4.2,0.2,-4.733333333333333
0.2,-4.733333333333333,0.13333333333333333,-4.733333333333333
0.13333333333333333,-4.733333333333333,0.13333333333333333,-5.333333333333333
0.13333333333333333,-5.333333333333333,0.06666666666666667,-5.333333333333333
0.06666666666666667,-5.333333333333333,0.06666666666666667,-5.933333333333334
0.06666666666666667,-5.933333333333334,0.0,-5.933333333333334
0.0,-5.933333333333334,0.0,-6.666666666666667
0.0,-6.666666666666667,-0.06666666666666667,-6.666666666666667
-0.06666666666666667,-6.666666666666667,-0.06666666666666667,-6.933333333333334
